0.35012683
0.80668372
0.13121317
0.89669662
0.67711006
0.64799230
0.97451943
0.13265171
0.26094741
0.05104801
0.34136850
0.79582683
0.01565577
0.59076042
0.65147876
0.26493566
0.32901351
0.78627008
0.34199472
0.20182138
0.23398135
0.30123674
0.97597904
0.37461973
0.26079463
0.13559073
0.70711808
0.22807234
0.87100735
0.60734148
0.00729438
0.26441667
0.94222513
0.33248540
0.23541243
0.33941722
0.25671558
0.76125944
0.13071643
0.64630697
0.45147763
0.11559904
0.58149243
0.39001083
0.72509882
0.96182338
0.82747294
0.99133308
0.67693820
0.71239807
0.34688634
0.41251190
0.63764149
0.60802861
0.50675456
0.77405649
0.45568107
0.91515758
0.41317611
0.65818123
0.63448361
0.50156443
0.38141817
0.67733838
0.66885770
0.80974591
0.60495921
0.37772811
0.97418347
0.03641436
0.13992255
0.52391440
0.39174679
0.72818514
0.12209713
0.92697110
0.89502641
0.44072026
0.01317280
0.17788875
0.45071969
0.75047088
0.77581149
0.48508269
0.51609693
0.22786305
0.05501851
0.57504182
0.43316220
0.63904937
0.20348190
0.22547388
0.55876077
0.00470600
0.51626199
0.44377416
0.73754347
0.12898010
0.75576506
0.91711841
0.16338491
0.27091601
0.02521448
0.09623507
0.83162640
0.66672683
0.26293653
0.62933909
0.79575211
0.15965898
0.11393693
0.74165785
0.82936089
0.96507364
0.86881411
0.93827540
0.01053367
0.04588113
0.48329288
0.00052164
0.87180683
0.40926495
0.42040110
0.17862931
0.29417098
0.29917024
0.71034842
0.01338849
0.08046395
0.27007835
0.88367206
0.92595105
0.21283651
0.40099168
0.01130956
0.15882246
0.57241831
0.08449413
0.66488176
0.36480546
0.87508965
0.98192209
0.66882792
0.86220731
0.96450718
0.82299685
0.28335432
0.10449366
0.74665521
0.63248109
0.50401244
0.48701792
0.66224942
0.17771074
0.24048686
0.47166940
0.55035227
0.42172856
0.89656903
0.64336820
0.87734034
0.14345550
0.46717737
0.98723327
0.84093795
0.49912845
0.11420061
0.84718470
0.02386633
0.10836181
0.61768885
0.21028624
0.96209168
0.23004017
0.08036671
0.79452722
0.18202916
0.69563662
0.05746658
0.31402001
0.78512778
0.65535762
0.36363899
0.64476806
0.25215507
0.59886519
0.93204123
0.81237572
0.93519831
0.05875543
0.42076493
0.21971512
0.69456562
0.79901949
0.35156717
0.91877682
0.37409032
0.26229533
0.24552509
0.07388583
0.56382119
0.30024518
0.08773259
0.00966026
0.17957379
0.20906028
0.13971331
0.87504119
0.99940070
0.93284112
0.65291119
0.93294207
0.65267585
0.19518584
0.01638544
0.37336631
0.14214498
0.02497127
0.84486963
0.61678349
0.88338792
0.33044299
0.66811494
0.44061859
0.84213328
0.21115098
0.70154854
0.86195437
0.11026273
0.82818722
0.43950911
0.09022995
0.85489861
0.60654100
0.57754829
0.99445381
0.39797646
0.46517786
0.63132527
0.92650894
0.34038449
0.41352556
0.02438788
0.43493152
0.75699082
0.76331574
0.88170431
0.55959912
0.99476392
0.40125193
0.85068054
0.75257018
0.52522883
0.36949407
0.48821704
0.33630743
0.49979957
0.84691665
0.27039086
0.27524683
0.73610285
0.83415105
0.46375115
0.69847239
0.35044800
0.99594515
0.82571426
0.50039509
0.30295733
0.89268369
0.91333181
0.24936885
0.91167155
0.51943751
0.84927687
0.79421368
0.73976372
0.04690129
0.82319900
0.18304808
0.20576205
0.35722655
0.78792173
0.01961228
0.74166014
0.76277108
0.48991136
0.24769752
0.60888024
0.32536000
0.93611728
0.94657402
0.75720952
0.70316107
0.07209872
0.61250822
0.51706912
0.79045832
0.21831227
0.89281648
0.29785562
0.00404473
0.71879843
0.12573921
0.77281961
0.22564818
0.80534398
0.53400168
0.09672971
0.51279462
0.25154371
0.09341689
0.18301384
0.60918951
0.32427150
0.12729443
0.01673742
0.76423051
0.94725334
0.35926179
0.78251181
0.12619608
0.04132437
0.23792625
0.37874902
0.20273684
0.63463505
0.27869479
0.28866889
0.32554815
0.75772702
0.31565130
0.99255277
0.96078287
0.77817752
0.75126300
0.48881995
0.85950158
0.34577543
0.84773571
0.11440835
0.88937231
0.07789325
0.08153563
0.10018438
0.63754337
0.78949411
0.55152865
0.10886250
0.68382976
0.05933203
0.60633337
0.75852672
0.28229457
0.84018905
0.75198585
0.48058553
0.88222746
0.02711476
0.55964969
0.55295697
0.35231942
0.18785843
0.08111091
0.57526529
0.22341468
0.75072788
0.71972672
0.09283376
0.25629223
0.77289217
0.17241427
0.48576726
0.52369670
0.06824007
0.24369332
0.15621812
0.82838158
0.03453118
0.13125651
0.27858404
0.48693233
0.39150680
0.73089204
0.31519867
0.80882542
0.45146520
0.75831783
0.95547053
0.79543174
0.85313957
0.13390748
0.10317531
0.13767374
0.05001334
0.74872044
0.10017965
0.07423526
0.00656222
0.12505521
0.57029871
0.46330067
0.85980997
0.49282299
0.65486800
0.57180265
0.53265320
0.72183071
0.41827707
0.68048615
0.25932664
0.80492374
0.47162847
0.91776059
0.78961770
0.31994414
0.87576433
0.11883961
0.50887720
0.92001927
0.27950359
0.02082256
0.15908811
0.37314425
0.89141543
0.30892023
0.24437387
0.53129713
0.62599273
0.36107907
0.33870533
0.43289183
0.83892441
0.41728623
0.48168667
0.80079469
0.22715660
0.72796168
0.27120176
0.73703535
0.48957188
0.10162193
0.30291602
0.93525684
0.38870826
0.58111855
0.70524160
0.84840413
0.77955810
0.47182407
0.76494279
0.43083485
0.71995724
0.52659025
0.72829849
0.64440092
0.62125305
0.40140087
0.58464925
0.72864449
0.25929743
0.49788200
0.79026628
0.59426442
0.89168730
0.38870083
0.71037677
0.03378172
0.20798365
0.96560157
0.03122770
0.68023956
0.40742386
0.88072663
0.26368106
0.44594778
0.79322847
0.51084720
0.20463546
0.56807561
0.58997225
0.41627294
0.04084426
0.71968548
0.68110618
0.51252801
0.41231902
0.69562176
0.07552890
0.87041026
0.56550107
0.37775485
0.35050881
0.52693966
0.70824911
0.72729383
0.40075744
0.07070202
0.86034659
0.08543618
0.20030085
0.92751434
0.57847495
0.83526193
0.86655309
0.36314132
0.57670797
0.84729118
0.71186225
0.40402356
0.79640053
0.45141588
-2137

